
[9600,19200,38400,57600,115200,230400,460800]

[104.16666666666667, 52.083333333333336, 26.041666666666668, 17.36111111111111, 8.680555555555555, 4.340277777777778, 2.170138888888889]


[(0.1666666666666714, 1.3333333333333712),
 (0.0833333333333357, 0.6666666666666856),
 (0.04166666666666785, 0.3333333333333428),
 (0.3611111111111107, 2.8888888888888857), 
 (0.6805555555555554, 5.444444444444443),
 (0.3402777777777777, 2.7222222222222214), 
 (0.17013888888888884, 1.3611111111111107)]


 BAUDRATE		10^6/BAUDRATE			FRACIONÁRIA * 8
 9600			104.16666666666667		1.3333333333333712
 19200			52.083333333333336		0.6666666666666856
 38400			26.041666666666668		0.3333333333333428
 57600			17.36111111111111		2.8888888888888857
 115200			8.680555555555555		5.444444444444443
 230400			4.340277777777778		2.7222222222222214
 460800			2.170138888888889		1.3611111111111107